26|27|28062
26|27|28061
26|27|28004
54|55|31645
54|55|31644
194|195|28005
194|195|27941
194|195|27975
194|195|27942
194|195|27943
194|195|28059
194|195|28060
194|195|27974
224|225|29228
224|225|29182
224|225|29183
224|225|29227
224|225|22242
259|260|79996
270|271|59866
281|282|76381
281|282|63569
281|282|63634
438|439|78875
438|439|78844
453|454|81659
491|492|80026
528|529|32149
528|529|32165
528|529|49382
660|661|76397
660|661|56998
660|661|56884
676|677|76390
709|710|80044
830|831|22234
857|858|80943
882|883|59857
1006|223|31786
1006|223|31625
1006|223|31624
1066|1067|64418
1066|1067|64284
1066|1067|49383
1066|1067|64350
1066|1067|64417
1066|1067|64325
1179|1180|76404
1198|1199|64400
1198|1199|64399
1198|1199|80949
1198|1199|76385
1198|1199|64286
1240|1241|65797
1463|1464|78873
1463|1464|49386
1533|1534|75296
1533|1534|75273
1551|1552|75289
1583|1406|22240
1583|1406|48444
1583|1406|48438
1583|1406|81653
1699|1700|59880
1716|1667|48442
1737|1738|76386
1748|1749|80043
1780|899|65807
1982|1983|75298
2025|2026|78341
2042|2043|49445
2042|2043|49381
2042|2043|49444
2049|2050|64351
2049|2050|64282
2049|2050|64387
2049|2050|64386
2088|1400|28111
2088|1400|28006
2088|1400|27931
2088|1400|27929
2088|1400|28112
2088|1400|27930
2126|907|65771
2126|907|65811
2145|258|63632
2145|258|63565
2145|258|63539
2182|1387|78868
2198|2199|31611
2198|2199|31668
2198|2199|31669
2198|2199|31612
2265|625|80947
2307|2308|59853
2312|2313|78857
2320|2321|27934
2320|2321|27995
2320|2321|27933
2320|2321|28072
2320|2321|27932
2320|2321|28073
2335|2336|81662
2361|2362|80950
2428|2429|79989
2476|2477|65736
2476|2477|65795
2540|2541|48449
2540|2541|48450
2653|2654|81647
2777|2778|78858
2828|2829|76383
2878|2879|80038
2878|2879|79991
2893|2894|28044
2893|2894|28043
2893|2894|27938
2893|2894|28000
2893|2894|27939
2893|2894|27940
2922|2923|54264
2922|2923|54265
2985|1098|63568
2992|2993|75262
2996|2997|54266
2996|2997|54267
3040|3041|78863
3295|989|32167
3401|2782|80013
3427|2859|81661
3427|2859|81652
3509|3510|81645
3553|3554|31666
3553|3554|31587
3553|3554|31632
3553|3554|31769
3553|3554|31633
3553|3554|31667
3564|907|65746
3576|3577|78859
3742|688|64373
3742|688|64372
3742|688|31637
3742|688|31764
3742|688|31636
3742|688|31765
3742|688|49446
3742|688|49447
3762|2479|28130
3762|2479|28131
3762|2479|28010
3833|3834|80028
3833|3834|64410
3833|3834|64409
3835|3836|80012
3835|3836|80037
4011|4012|76378
4104|308|79978
4130|4131|66311
4130|4131|78342
4130|4131|66310
4130|4131|22244
4258|4259|77242
4260|3335|72223
4277|4278|80042
4283|4284|76393
4317|4318|76394
4430|17|48448
4454|342|32150
4790|4791|56961
4790|4791|59854
4790|4791|56885
4790|4791|56997
4819|1667|65740
4820|4821|75277
4892|4893|79984
4908|4909|65741
4998|4999|65781
4998|4999|65814
5314|3657|65745
5314|3657|65785
5386|5387|59877
5448|5449|32169
5491|5492|58638
5491|5492|58637
5524|5525|31623
5524|5525|31622
5524|5525|31683
5524|5525|31582
5524|5525|31682
5529|5530|80005
5608|5609|28045
5608|5609|28001
5608|5609|28046
5631|5632|29171
5631|5632|29237
5631|5632|59862
5631|5632|29172
5631|5632|29236
5656|5657|31785
5656|5657|31767
5656|5657|64402
5656|5657|64327
5656|5657|64401
5656|5657|31766
5656|5657|31646
5656|5657|31647
5726|5727|72231
5730|5731|81646
5730|5731|81656
5908|1158|78846
5970|1729|75280
5979|5980|76376
5999|6000|75293
6132|6133|31599
6132|6133|31575
6132|6133|31600
6132|6133|31773
6132|6133|31701
6132|6133|31700
6197|6198|76373
6296|6297|72221
6396|6397|78861
6412|6413|31664
6412|6413|31768
6412|6413|31631
6412|6413|31630
6412|6413|31586
6412|6413|31788
6412|6413|31665
6481|1436|48440
6509|6510|78860
6569|6570|81649
6743|4415|65763
6743|4415|65805
6764|6765|76380
6786|6787|76382
6833|2069|32155
6865|6866|58639
6865|6866|58640
6865|6866|58648
6865|6866|76891
6865|6866|58647
6865|6866|78614
6970|782|79982
6987|6988|75270
7022|6433|76389
7046|346|27936
7046|346|28107
7046|346|28106
7046|346|27980
7046|346|27935
7046|346|27937
7046|346|28255
7140|7141|75300
7293|7294|80031
7335|7336|59861
7348|7349|31597
7348|7349|31572
7348|7349|31759
7348|7349|31758
7348|7349|31784
7348|7349|31598
7372|3948|65754
7372|3948|65796
7395|1243|32166
7406|7407|79977
7406|7407|59858
7428|1363|32153
7439|3657|32173
7439|3657|22235
7485|2827|65752
7485|2827|65793
7495|673|65789
7495|673|65748
7580|4921|31728
7580|4921|31729
7724|7725|79981
7767|7768|79987
7832|267|75276
7856|59|78349
7856|59|28051
7856|59|27918
7856|59|27919
7856|59|27917
7856|59|27979
7856|59|28052
7857|772|72228
7903|7904|65772
7903|7904|65730
7942|1587|78876
7942|1587|78856
7965|433|72232
7975|2501|75295
7986|479|31605
7986|479|31684
7986|479|31577
7986|479|31770
7986|479|31606
7986|479|31685
8009|778|75290
8009|778|75303
8009|778|31641
8009|778|31670
8009|778|31640
8009|778|31671
8013|8014|75282
8028|8029|81654
8094|8095|80033
8098|7505|78848
8114|8115|75301
8221|1241|80000
8264|99|65743
8277|4367|22246
8306|3222|79983
8369|8370|75255
8384|8385|76379
8388|8389|79995
8394|1623|31676
8394|1623|31658
8394|1623|31792
8394|1623|31657
8394|1623|65788
8394|1623|31677
8453|6071|76391
8453|6071|76374
8456|1623|65803
8458|8459|64285
8458|8459|64383
8458|8459|64349
8458|8459|64382
8548|2055|82314
8583|3568|75278
8640|8641|76399
8642|8643|65806
8731|1255|31571
8731|1255|31777
8731|1255|31730
8731|1255|31731
8731|1255|31596
8731|1255|31789
8731|1255|31595
8737|8738|65802
8737|8738|65733
8760|8761|27966
8760|8761|27977
8760|8761|27968
8760|8761|28054
8760|8761|27967
8760|8761|27982
8760|8761|28053
8760|8761|27976
8820|8821|75284
8864|249|65766
8896|8897|81650
8956|3979|65816
9000|2767|75279
9037|187|65774
9068|17|65799
9298|1319|65764
9298|1319|65808
9367|1255|81660
9459|2280|22243
9484|805|78340
9549|9550|75287
9606|9607|78854
9629|9630|31694
9629|9630|31695
9706|1199|31678
9706|1199|31579
9706|1199|31679
9720|9721|65773
9720|9721|65812
9786|9787|56883
9786|9787|56996
9786|9787|56960
9844|9845|77247
9894|2682|31613
9894|2682|31581
9894|2682|31693
9894|2682|31772
9894|2682|31614
9894|2682|31692
9899|9900|64322
9899|9900|64414
9899|9900|64413
9899|9900|31642
9899|9900|31589
9899|9900|31643
9922|1667|72220
9922|1667|72234
9939|9940|65759
9939|9940|65800
10086|998|31578
10086|998|31608
10086|998|31712
10086|998|31711
10086|998|31775
10086|998|31607
10095|10085|79999
10141|10142|75297
10150|1299|72227
10162|10163|28087
10162|10163|27978
10162|10163|28086
10174|8423|28084
10174|8423|27969
10174|8423|28085
10174|8423|27970
10174|8423|27971
10206|10207|78862
10216|1319|65775
10228|10229|31734
10228|10229|31735
10374|5435|31662
10374|5435|31628
10374|5435|31585
10374|5435|31663
10374|5435|31629
10398|1570|28050
10398|1570|27958
10398|1570|27957
10398|1570|27989
10398|1570|28049
10398|1570|27956
10489|3858|27992
10489|3858|28048
10489|3858|28047
10511|10512|59867
10529|10530|65778
10547|1191|76406
10684|2086|64377
10684|2086|64279
10684|2086|64376
10684|2086|64328
10894|1243|65813
10894|1243|65777
10923|7777|72229
10968|10969|31718
10968|10969|31717
10999|7052|31615
10999|7052|31706
10999|7052|31616
10999|7052|31707
11018|3226|31576
11018|3226|31602
11018|3226|31601
11018|3226|31779
11018|3226|31738
11018|3226|31739
11067|1459|59881
11073|9163|76900
11087|11088|80023
11111|7565|59884
11218|5348|59879
11218|5348|78666
11393|1148|65768
11408|4667|78850
11465|344|29173
11465|344|29174
11465|344|29238
11465|344|29239
11506|2199|80944
11541|1253|80942
11551|11552|80951
11589|6297|66316
11589|6297|63633
11589|6297|63567
11589|6297|66317
11656|1135|64407
11656|1135|64408
11756|11757|76894
11774|6886|80016
11795|11796|75272
11795|11796|75294
11852|4566|80022
11870|7631|78847
12070|12071|77245
12090|12091|76890
12098|782|78845
12120|3975|80011
12176|2771|75305
12307|12308|29231
12307|12308|29232
12307|12308|22245
12307|12308|29180
12307|12308|29181
12348|267|22239
12371|63|31698
12371|63|31610
12371|63|31699
12371|63|31609
12401|12402|76392
12413|12414|75299
12487|5623|59886
12568|3878|65767
12568|3878|65810
12577|2055|22236
12605|12606|79986
12609|1116|64398
12609|1116|64326
12609|1116|64397
12609|1116|64280
12609|1116|75304
12609|1116|64363
12609|1116|75271
12691|4624|75254
12709|718|65753
12709|718|65794
12726|203|80029
12798|12799|78851
12892|1933|65734
12977|1665|32170
13105|13106|31704
13105|13106|31705
13190|95|65739
13386|1777|27991
13386|1777|27955
13386|1777|27953
13386|1777|27954
13386|1777|28068
13386|1777|28069
13532|258|48437
13532|258|63571
13553|1556|75253
13573|1319|65756
13573|1319|65815
13638|1452|79976
13677|13678|64396
13677|13678|64395
13677|13678|64283
13688|13689|64374
13688|13689|64375
13688|13689|64324
13795|4120|65755
13806|2048|76396
13806|2048|59890
13838|13839|72222
13924|13925|75285
13938|1255|27988
13938|1255|66312
13938|1255|66313
13938|1255|28100
13938|1255|28099
14038|14039|31726
14038|14039|31727
14071|14072|77243
14222|14223|75275
14228|6714|28056
14228|6714|27946
14228|6714|27944
14228|6714|27987
14228|6714|27945
14228|6714|28055
14232|14233|54274
14232|14233|81657
14232|14233|54275
14262|14263|54272
14262|14263|54273
14372|7242|64388
14372|7242|64389
14372|7242|76889
14405|215|81658
14430|14431|76384
14591|14592|59875
14618|14619|48436
14631|229|31796
14631|229|31583
14631|229|31716
14631|229|31795
14631|229|31715
14724|306|28064
14724|306|27920
14724|306|27922
14724|306|27986
14724|306|27921
14724|306|28063
14821|14822|28057
14821|14822|27981
14821|14822|27963
14821|14822|27965
14821|14822|27964
14821|14822|28058
14875|371|82313
14914|14915|79988
14916|6445|80948
15063|15064|78855
15065|479|66314
15065|479|66315
15093|15094|31673
15093|15094|31672
15095|15096|32152
15135|15136|76398
15144|14371|31793
15144|14371|31794
15144|14371|31580
15151|3469|75257
15156|12477|63573
15162|718|80041
15197|12885|31675
15197|12885|31674
15219|15220|72226
15267|12486|80010
15318|15319|65761
15369|9212|78874
15393|6431|78852
15437|2859|76893
15437|2859|72258
15438|8250|80025
15438|8250|65738
15459|15460|31763
15459|15460|31762
15480|10085|59878
