0 80818
1 11289
2 8097
3 6660
4 5738
5 4960
6 4668
7 4333
8 3996
9 3826
10 3632
11 3435
12 3411
13 3136
14 3036
15 2963
16 2840
17 2850
18 2705
19 2468
20 2537
21 2475
22 2411
23 2388
24 2453
25 2307
26 2255
27 2345
28 2191
29 2152
30 2123
31 2036
32 2046
33 1971
34 1969
35 1908
36 1944
37 1888
38 1789
39 1825
40 1822
41 1768
42 1787
43 1742
44 1684
45 1733
46 1740
47 1673
48 1622
49 1647
50 1587
51 1630
52 1579
53 1569
54 1566
55 1496
56 1539
57 1487
58 1451
59 1508
60 1432
61 1454
62 1419
63 1448
64 1427
65 1374
66 1323
67 1360
68 1383
69 1354
70 1431
71 1292
72 1344
73 1339
74 1283
75 1262
76 1276
77 1329
78 1315
79 1274
80 1271
81 1193
82 1258
83 1257
84 1245
85 1229
86 1239
87 1207
88 1179
89 1221
90 1182
91 1199
92 1122
93 1160
94 1140
95 1126
96 1187
97 1156
98 1128
99 1172
100 1063
101 1096
102 1118
103 1116
104 1146
105 1171
106 1106
107 1086
108 1075
109 1121
110 1088
111 1082
112 1083
113 1062
114 1036
115 1046
116 1051
117 1078
118 1004
119 1018
120 1041
121 1035
122 1034
123 997
124 1072
125 1010
126 1012
127 1023
128 1031
129 981
130 963
131 1027
132 987
133 942
134 1017
135 907
136 957
137 970
138 911
139 934
140 977
141 902
142 948
143 950
144 952
145 939
146 925
147 899
148 901
149 927
150 904
151 916
152 920
153 910
154 914
155 869
156 931
157 887
158 918
159 833
160 775
161 834
162 849
163 885
164 812
165 876
166 848
167 863
168 937
169 827
170 831
171 806
172 843
173 808
174 795
175 794
176 847
177 865
178 829
179 828
180 811
181 851
182 822
183 820
184 837
185 759
186 846
187 790
188 815
189 785
190 821
191 729
192 813
193 753
194 868
195 777
196 796
197 763
198 823
199 800
200 762
201 782
202 724
203 733
204 714
205 725
206 684
207 723
208 765
209 760
210 746
211 779
212 737
213 728
214 726
215 741
216 749
217 720
218 736
219 748
220 732
221 690
222 713
223 709
224 706
225 634
226 707
227 696
228 738
229 691
230 743
231 676
232 673
233 688
234 716
235 671
236 711
237 670
238 680
239 650
240 698
241 639
242 674
243 693
244 692
245 677
246 646
247 665
248 644
249 681
250 640
251 719
252 637
253 664
254 641
255 635
256 625
257 647
258 645
259 689
260 620
261 704
262 609
263 601
264 636
265 669
266 616
267 580
268 606
269 642
270 614
271 643
272 632
273 629
274 617
275 627
276 628
277 659
278 605
279 619
280 603
281 612
282 624
283 590
284 583
285 595
286 613
287 559
288 586
289 631
290 572
291 592
292 525
293 556
294 566
295 558
296 570
297 582
298 578
299 565
300 618
301 591
302 551
303 538
304 581
305 598
306 622
307 573
308 600
309 562
310 530
311 577
312 576
313 607
314 567
315 589
316 569
317 575
318 588
319 523
320 540
321 539
322 574
323 594
324 544
325 545
326 522
327 608
328 528
329 547
330 553
331 521
332 527
333 555
334 560
335 564
336 508
337 548
338 511
339 541
340 503
341 475
342 495
343 520
344 536
345 524
346 532
347 550
348 493
349 519
350 546
351 507
352 517
353 499
354 510
355 497
356 537
357 491
358 543
359 513
360 504
361 514
362 509
363 498
364 518
365 501
366 481
367 476
368 568
369 489
370 484
371 512
372 492
373 506
374 496
375 529
376 471
377 469
378 480
379 468
380 483
381 494
382 500
383 477
384 486
385 470
386 478
387 441
388 479
389 466
390 490
391 482
392 473
393 429
394 474
395 444
396 505
397 472
398 455
399 465
400 417
401 454
402 446
403 457
404 460
405 452
406 450
407 427
408 437
409 459
410 456
411 464
412 430
413 447
414 451
415 401
416 458
417 449
418 448
419 467
420 461
421 428
422 410
423 436
424 439
425 433
426 442
427 422
428 424
429 418
430 438
431 385
432 435
433 431
434 426
435 407
436 408
437 403
438 432
439 453
440 434
441 463
442 406
443 425
444 409
445 440
446 423
447 412
448 416
449 402
450 394
451 414
452 396
453 420
454 419
455 395
456 411
457 371
458 389
459 415
460 397
461 361
462 388
463 400
464 366
465 390
466 413
467 392
468 398
469 399
470 383
471 384
472 381
473 355
474 378
475 372
476 360
477 369
478 376
479 368
480 405
481 374
482 358
483 391
484 354
485 379
486 326
487 375
488 421
489 393
490 359
491 347
492 363
493 364
494 351
495 380
496 370
497 404
498 349
499 328
500 344
501 356
502 377
503 373
504 357
505 367
506 352
507 333
508 350
509 386
510 341
511 353
512 340
513 365
514 362
515 338
516 345
517 325
518 348
519 335
520 346
521 337
522 342
523 336
524 334
525 339
526 323
527 320
528 330
529 331
530 310
531 329
532 327
533 343
534 308
535 332
536 295
537 311
538 285
539 296
540 313
541 324
542 309
543 312
544 318
545 300
546 319
547 293
548 287
549 306
550 307
551 305
552 315
553 301
554 314
555 316
556 291
557 284
558 278
559 283
560 298
561 302
562 303
563 286
564 321
565 317
566 322
567 280
568 294
569 289
570 304
571 290
572 299
573 281
574 288
575 297
576 272
577 255
578 263
579 279
580 264
581 275
582 282
583 261
584 274
585 273
586 277
587 268
588 269
589 267
590 276
591 270
592 257
593 292
594 265
595 266
596 251
597 262
598 271
599 244
600 258
601 250
602 247
603 256
604 252
605 260
606 249
607 254
608 234
609 248
610 228
611 253
612 246
613 230
614 236
615 231
616 245
617 259
618 243
619 238
620 235
621 220
622 240
623 232
624 233
625 239
626 242
627 225
628 200
629 221
630 241
631 229
632 218
633 224
634 226
635 222
636 212
637 237
638 223
639 227
640 214
641 213
642 209
643 217
644 211
645 216
646 201
647 210
648 207
649 208
650 206
651 219
652 204
653 203
654 205
655 197
656 195
657 215
658 190
659 193
660 202
661 188
662 196
663 191
664 194
665 199
666 192
667 198
668 183
669 187
670 189
671 184
672 176
673 172
674 173
675 171
676 179
677 186
678 178
679 181
680 180
681 175
682 163
683 185
684 182
685 174
686 161
687 168
688 177
689 169
690 164
691 170
692 166
693 151
694 162
695 167
696 157
697 152
698 165
699 158
700 159
701 160
702 156
703 153
704 139
705 155
706 154
707 148
708 133
709 143
710 135
711 147
712 149
713 146
714 150
715 140
716 138
717 145
718 142
719 144
720 137
721 130
722 141
723 128
724 132
725 134
726 136
727 126
728 127
729 111
730 113
731 124
732 131
733 129
734 123
735 125
736 122
737 121
738 117
739 115
740 119
741 114
742 120
743 116
744 108
745 118
746 107
747 112
748 101
749 105
750 109
751 103
752 110
753 104
754 102
755 106
756 100
757 92
758 96
759 98
760 99
761 95
762 97
763 94
764 93
765 88
766 91
767 81
768 87
769 90
770 89
771 85
772 84
773 86
774 77
775 80
776 76
777 73
778 78
779 82
780 83
781 75
782 79
783 69
784 72
785 74
786 71
787 70
788 66
789 64
790 67
791 60
792 68
793 62
794 65
795 61
796 59
797 63
798 54
799 58
800 55
801 56
802 57
803 53
804 50
805 48
806 51
807 52
808 49
809 44
810 40
811 38
812 45
813 47
814 46
815 43
816 42
817 41
818 36
819 39
820 31
821 35
822 34
823 33
824 32
825 28
826 37
827 30
828 24
829 25
830 29
831 27
832 26
833 22
834 23
835 19
836 20
837 18
838 21
839 17
840 15
841 16
842 14
843 13
844 12
845 8
846 10
847 11
848 9
849 7
