0 1020
1 2368
2 4621
3 7602
4 9733
5 2199023260890
6 2199023261502
7 2199023264859
8 2199023265765
9 2199023265970
10 4398046511463
11 4398046513442
12 4398046519431
13 4398046521378
14 6597069774750
15 8796093022536
16 8796093026972
17 8796093028037
18 8796093028333
19 8796093029201
20 8796093030850
21 10995116286528
22 13194139539233
23 13194139539598
24 17592186046716
25 17592186049759
26 17592186051490
27 19791209301598
28 19791209305198
29 21990232559659
30 21990232561154
31 21990232564483
32 21990232564635
33 24189255814847
34 26388279069626
35 28587302322576
36 28587302326226
37 30786325578027
38 30786325578161
39 30786325579131
40 30786325583469
41 30786325586209
42 32985348837125
43 32985348837398
44 32985348840035
45 32985348840311
46 32985348842600
47 32985348843830
48 35184372095846
49 37383395350130
50 37383395352011
51 37383395353039
52 37383395354459
53 2336462209025
54 1374389534722
55 2336462209028
56 549755813893
57 1924145348615
58 2061584302088
59 2336462209034
60 2199023255563
61 32985348837827
62 2336462209037
63 2061584302094
64 1786706395152
65 1786706395153
66 2336462209043
67 2061584302100
68 2336462209434
69 28587302329167
70 2336462209435
71 687194767772
72 2336462209437
73 2199023255966
74 687194767775
75 2199023255968
76 1924145349026
77 2061584302499
78 2061584302500
79 2199023255973
80 2199023255974
81 2336462209447
82 1236950581672
83 2061584302506
84 2061584302507
85 2199023255980
86 2199023255981
87 2061584302510
88 2336462209455
89 2061584302512
90 2199023255986
91 2061584302515
92 2199023255988
93 2199023255989
94 2199023255990
95 2199023255991
96 2336462209464
97 1924145349050
98 2336462209467
99 2061584302524
100 2061584302525
101 1924145349054
102 2336462209471
103 2336462209472
104 2199023256002
105 2336462209475
106 1236950581700
107 687194767813
108 2061584302534
109 2061584302535
110 1924145349064
111 687194767818
112 2336462209483
113 2061584302540
114 687194767821
115 1649267442126
116 2199023256015
117 2336462209488
118 2199023256018
119 2336462209491
120 2199023256020
121 2061584302549
122 2061584302550
123 2061584302551
124 2199023256024
125 2061584302554
126 1924145349083
127 1924145349084
128 2199023256029
129 2061584302558
130 2336462209503
131 2336462209504
132 1374389535202
133 2199023256035
134 2336462209508
135 1924145349093
136 2336462209510
137 2336462209511
138 2336462209512
139 2336462209514
140 2336462209515
141 2336462209516
142 1236950581741
143 2061584302574
144 2336462209519
145 1236950581744
146 2199023256050
147 2336462209523
148 1649267442164
149 962072674805
150 1511828488694
151 2336462209527
152 2336462209528
153 1924145349114
154 687194767867
155 2199023256060
156 1924145349117
157 2199023256062
158 2336462209535
159 1924145349120
160 1511828488706
161 2336462209539
162 2061584302596
163 1236950581765
164 2061584302598
165 2061584302599
166 687194767880
167 2336462209546
168 2336462209547
169 1924145349132
170 1924145349133
171 2336462209550
172 2336462209551
173 2336462209552
174 1924145349138
175 962072674835
176 1924145349140
177 1649267442197
178 2336462209558
179 2336462209559
180 2336462209560
181 1924145349146
182 1924145349147
183 28587302324317
184 2061584302620
185 2061584302621
186 2061584302622
187 1924145349151
188 2199023256096
189 2199023256098
190 2336462209571
191 1924145349156
192 962072674853
193 2061584302630
194 2336462209575
195 2199023256104
196 2336462209578
197 2336462209579
198 2336462209580
199 2336462209581
200 1374389535278
201 2336462209583
202 2336462209584
203 1649267442226
204 2199023256115
205 1924145349172
206 2336462209589
207 1374389535286
208 2199023256119
209 1924145349176
210 2336462209594
211 2336462209595
212 1786706395708
213 2336462209597
214 2336462209598
215 2336462209599
216 2336462209600
217 2061584302658
218 2336462209603
219 2336462209604
220 2061584302661
221 2061584302662
222 2061584302663
223 2336462209608
224 2199023256138
225 2199023256139
226 1374389535308
227 1374389535309
228 2199023256142
229 2336462209615
230 2336462209616
231 1649267442258
232 2336462209619
233 2061584302676
234 2336462209621
235 2336462209622
236 2336462209623
237 2336462209624
238 2199023256154
239 2199023256155
240 2061584302684
241 2199023256157
242 2061584302686
243 2061584302687
244 2199023256160
245 1786706395746
246 1511828488803
247 2199023256164
248 1649267442277
249 2061584302694
250 2336462209639
251 1511828488808
252 1924145349226
253 2336462209643
254 1649267442284
255 1374389535341
256 1374389535342
257 2336462209647
258 2199023256176
259 962072674930
260 1374389535347
261 1374389535348
262 1924145349237
263 1649267442294
264 1374389535351
265 2199023256184
266 2336462209658
267 1649267442299
268 2199023256188
269 2199023256189
270 2336462209662
271 2199023256191
272 2199023256192
273 962072674946
274 2199023256195
275 2199023256196
276 2199023256197
277 2199023256198
278 2061584302728
279 1374389535369
280 1649267442314
281 2336462209675
282 2199023256204
283 1649267442317
284 2061584302734
285 2336462209680
286 2336462209681
287 2336462209682
288 2336462209683
289 2336462209684
290 2336462209685
291 2336462209686
292 2336462209687
293 2336462209688
294 2336462209689
295 2336462209690
296 2336462209691
297 2336462209692
298 2336462209693
299 2199023256222
300 2199023256224
301 1786706395809
302 1649267442338
303 1786706395811
304 2336462209700
305 2199023256229
306 2336462209702
307 1649267442343
308 2061584302760
309 2061584302761
310 1786706395818
311 2336462209707
312 2336462209708
313 1786706395821
314 2061584302766
315 1649267442352
316 1649267442353
317 2336462209714
318 1649267442355
319 1649267442356
320 1649267442357
321 2336462209718
322 2061584302775
323 1649267442360
324 1924145349305
325 1924145349306
326 1649267442363
327 1924145349308
328 2199023256253
329 2199023256254
330 2061584302784
331 1649267442369
332 2061584302786
333 1649267442371
334 2199023256260
335 1649267442373
336 1374389535430
337 2199023256263
338 2336462209736
339 1649267442377
340 2336462209738
341 2199023256267
342 1649267442380
343 1649267442381
344 1786706395854
345 1649267442384
346 1649267442385
347 2199023256274
348 2061584302803
349 2336462209748
350 1649267442389
351 2336462209750
352 2199023256279
353 2336462209752
354 962072675033
355 2336462209754
356 2199023256283
357 2336462209756
358 2199023256285
359 1786706395870
360 1649267442400
361 2336462209761
362 2336462209762
363 1649267442403
364 962072675044
365 1649267442405
366 2061584302822
367 2199023256295
368 2336462209768
369 2336462209769
370 1649267442410
371 2199023256299
372 2199023256300
373 1649267442413
374 2061584302830
375 2199023256304
376 2199023256305
377 2336462209778
378 2199023256307
379 2199023256308
380 1374389535477
381 2336462209782
382 2199023256311
383 2336462209784
384 2336462209785
385 1649267442426
386 2199023256315
387 2199023256316
388 2199023256317
389 2199023256318
390 2199023256320
391 1649267442433
392 2199023256322
393 2061584302851
394 1374389535492
395 2199023256325
396 2199023256326
397 2199023256327
398 2199023256328
399 2199023256329
400 2199023256330
401 2199023256331
402 1374389535500
403 2199023256333
404 2336462209806
405 1374389535504
406 1649267442449
407 2199023256338
408 1374389535507
409 2199023256340
410 1649267442453
411 2336462209814
412 2336462209815
413 2336462209816
414 2199023256345
415 2336462209818
416 2336462209819
417 2336462209820
418 2199023256349
419 2336462209822
420 2336462209824
421 1649267442465
422 2336462209826
423 962072675107
424 2199023256356
425 2336462209829
426 1786706395942
427 2336462209831
428 2336462209832
429 2336462209833
430 1649267442474
431 2336462209835
432 2336462209836
433 2061584302893
434 2336462209838
435 1374389535536
436 2336462209841
437 2199023256370
438 1649267442483
439 1649267442484
440 2336462209845
441 1374389535542
442 1786706395959
443 2061584302904
444 2336462209849
445 2336462209850
446 2199023256379
447 1786706395964
448 1374389535549
449 1649267442494
450 1924145349440
451 2336462209857
452 1924145349442
453 2061584302915
454 2061584302916
455 2336462209861
456 2336462209862
457 2061584302919
458 2061584302920
459 2061584302921
460 1649267442506
461 2061584302923
462 2061584302924
463 1374389535565
464 1924145349454
465 2336462209872
466 2336462209873
467 2336462209874
468 2336462209875
469 2336462209876
470 2336462209877
471 1374389535574
472 2336462209879
473 2336462209880
474 2336462209881
475 2336462209882
476 2336462209883
477 2336462209884
478 2336462209885
479 2199023256415
480 2199023256416
481 2336462209889
482 2336462209890
483 2336462209891
484 2199023256420
485 2336462209893
486 2336462209894
487 2336462209895
488 2336462209896
489 2336462209897
490 2336462209898
491 2336462209899
492 2336462209900
493 2336462209901
494 2061584302959
495 2199023256432
496 2336462209905
497 2061584302962
498 2061584302963
499 2061584302964
500 1649267442549
501 1374389535606
502 1786706396023
503 2336462209912
504 2061584302969
505 1649267442554
506 2199023256443
507 2336462209916
508 2199023256445
509 2061584302975
510 2061584302976
511 1924145349505
512 1374389535618
513 1786706396035
514 2061584302980
515 962072675205
516 2336462209926
517 2061584302983
518 2061584302984
519 2061584302985
520 2199023256458
521 2061584302987
522 2061584302988
523 2061584302989
524 2199023256463
525 1786706396048
526 1924145349521
527 962072675218
528 962072675219
529 1374389535636
530 1924145349525
531 2199023256470
532 1649267442583
533 2336462209944
534 2199023256473
535 1374389535642
536 1924145349531
537 2336462209948
538 2199023256477
539 1786706396063
540 2199023256480
541 2336462209953
542 2199023256482
543 2061584303011
544 2199023256484
545 2199023256485
546 2199023256486
547 2199023256487
548 2199023256488
549 2061584303017
550 2199023256490
551 2199023256491
552 2061584303020
553 2336462209965
554 1649267442607
555 2061584303024
