1020 2336462209488
1020 2061584302598
1020 1924145349083
1020 1924145349026
1020 1924145349084
1020 1924145349093
1020 2336462209559
1020 1924145349140
2368 687194767880
2368 687194767821
4621 687194767772
4621 1374389535202
7602 2336462209455
7602 2336462209558
7602 2336462209508
9733 1649267442197
9733 2199023255989
9733 2336462209516
9733 2061584302510
9733 1649267442164
2199023260890 1511828488706
2199023260890 1511828488694
2199023261502 962072674805
2199023261502 2061584302507
2199023261502 1924145349151
2199023261502 962072674835
2199023261502 2336462209519
2199023264859 687194767867
2199023264859 2336462209560
2199023265765 1924145349120
2199023265765 687194767775
2199023265765 687194767818
2199023265765 687194767813
2199023265765 1236950581744
2199023265970 1924145349064
2199023265970 1924145349146
4398046511463 1649267442126
4398046511463 2336462209504
4398046513442 2061584302558
4398046513442 2336462209551
4398046513442 2061584302500
4398046513442 2336462209471
4398046513442 2061584302525
4398046513442 2199023255991
4398046519431 1649267442385
4398046519431 2061584302663
4398046519431 1649267442483
4398046519431 1649267442299
4398046519431 1649267442371
4398046519431 1649267442317
4398046519431 1649267442377
4398046519431 2061584302686
4398046519431 1649267442294
4398046519431 1649267442258
4398046519431 1649267442277
4398046519431 1649267442465
4398046519431 1649267442484
4398046519431 2336462209833
4398046519431 1649267442583
4398046519431 2061584302969
4398046519431 2199023256329
4398046519431 1649267442352
4398046519431 1924145349454
4398046519431 2061584302963
4398046519431 2336462209692
4398046519431 1649267442373
4398046521378 2199023255980
4398046521378 2336462209512
4398046521378 2199023255973
4398046521378 2199023255990
4398046521378 2199023256020
4398046521378 2199023256050
4398046521378 2199023256062
4398046521378 2199023256018
6597069774750 2199023255966
6597069774750 2199023255986
8796093022536 2336462209535
8796093022536 2336462209483
8796093022536 2336462209528
8796093026972 1924145349525
8796093026972 1924145349237
8796093026972 2061584302662
8796093026972 1924145349226
8796093026972 1924145349531
8796093026972 2199023256487
8796093026972 2336462209898
8796093026972 2336462209616
8796093026972 1924145349305
8796093026972 1924145349176
8796093026972 1924145349308
8796093026972 1924145349440
8796093026972 2336462209891
8796093026972 2199023256331
8796093026972 1924145349505
8796093026972 2336462209879
8796093026972 1924145349156
8796093026972 1924145349172
8796093026972 1924145349306
8796093026972 1924145349521
8796093028037 1786706395153
8796093028037 1374389534722
8796093028333 2061584302988
8796093028333 1374389535618
8796093028333 1649267442357
8796093028333 1649267442355
8796093028333 1374389535565
8796093028333 1374389535574
8796093028333 1374389535341
8796093028333 1511828488803
8796093028333 2061584302661
8796093028333 1511828488808
8796093028333 2199023256192
8796093028333 1649267442413
8796093028333 1374389535308
8796093028333 2336462209686
8796093028333 2061584302921
8796093028333 2336462209687
8796093028333 2061584303020
8796093028333 1374389535636
8796093028333 1374389535492
8796093028333 1374389535430
8796093028333 1374389535507
8796093028333 1374389535309
8796093028333 2061584302962
8796093028333 1649267442380
8796093028333 1649267442410
8796093028333 2199023256490
8796093028333 1374389535369
8796093028333 1649267442381
8796093028333 1374389535536
8796093028333 1374389535606
8796093028333 2336462209689
8796093028333 2199023256318
8796093029201 962072674853
8796093029201 962072675205
8796093029201 962072675107
8796093029201 962072675218
8796093029201 2061584302983
8796093029201 2336462209882
8796093029201 2336462209832
8796093029201 962072675219
8796093029201 2336462209831
8796093029201 2336462209875
8796093029201 962072674930
8796093029201 1374389535542
8796093029201 962072674946
8796093029201 962072675044
8796093029201 2336462209883
8796093029201 2336462209693
8796093029201 962072675033
8796093030850 1786706395152
8796093030850 549755813893
10995116286528 1924145348615
10995116286528 2199023255563
13194139539233 1649267442449
13194139539233 1649267442226
13194139539233 1649267442554
13194139539233 1924145349442
13194139539233 2199023256315
13194139539233 1649267442363
13194139539233 1649267442453
13194139539233 2199023256316
13194139539233 2336462209818
13194139539233 2061584302916
13194139539233 1649267442353
13194139539233 1649267442426
13194139539233 1649267442384
13194139539233 1649267442400
13194139539233 1649267442356
13194139539233 1649267442403
13194139539233 1649267442389
13194139539233 1786706395818
13194139539233 1649267442494
13194139539233 2336462209682
13194139539233 1649267442405
13194139539233 1649267442474
13194139539233 1649267442607
13194139539233 2061584302989
13194139539598 1786706395854
13194139539598 1786706395964
13194139539598 1786706395708
13194139539598 2199023256485
13194139539598 2199023255968
13194139539598 2199023256484
13194139539598 1786706395959
13194139539598 2199023255988
13194139539598 2199023256035
13194139539598 2199023256491
13194139539598 1786706395870
13194139539598 1786706395821
13194139539598 1786706395746
13194139539598 2061584302658
13194139539598 2199023256002
13194139539598 2199023256482
13194139539598 1786706396048
13194139539598 2336462209901
13194139539598 1786706396035
13194139539598 1786706396063
13194139539598 2199023256311
13194139539598 1786706396023
13194139539598 1786706395942
13194139539598 1786706395809
17592186046716 1236950581765
17592186046716 2061584302535
17592186046716 1236950581700
17592186046716 1236950581672
17592186046716 1236950581741
17592186049759 1924145349114
17592186049759 1924145349117
17592186049759 1924145349147
17592186049759 1924145349138
17592186049759 2336462209511
17592186049759 1924145349050
17592186051490 1924145349132
17592186051490 1924145349133
17592186051490 1924145349054
19791209301598 2199023256142
19791209301598 2199023256458
19791209301598 2199023256098
19791209301598 2199023256160
19791209301598 2199023256164
19791209301598 2336462209690
19791209301598 2199023256253
19791209301598 2336462209899
19791209301598 2336462209836
19791209301598 2199023256154
19791209301598 2199023256345
19791209301598 2199023256138
19791209301598 2199023256295
19791209301598 2199023256420
19791209305198 2199023256224
19791209305198 2199023256326
19791209305198 2336462209688
19791209305198 2336462209897
19791209305198 2199023256222
19791209305198 2336462209681
19791209305198 2199023256473
19791209305198 2199023256488
19791209305198 2199023256432
19791209305198 2199023256229
19791209305198 2199023256327
19791209305198 2336462209683
19791209305198 2336462209785
19791209305198 2199023256263
19791209305198 2199023256254
19791209305198 2199023256204
19791209305198 2199023256415
19791209305198 2199023256119
19791209305198 2199023256176
19791209305198 2336462209600
19791209305198 2199023256197
19791209305198 2336462209838
19791209305198 2336462209873
19791209305198 2199023256480
19791209305198 2199023256463
21990232559659 2061584302100
21990232559659 2061584302540
21990232559659 2061584302554
21990232559659 2336462209597
21990232559659 2061584302506
21990232559659 2336462209552
21990232561154 2061584302599
21990232561154 2061584302621
21990232561154 2061584302551
21990232561154 2061584302512
21990232561154 2061584302550
21990232561154 2061584302622
21990232564483 1374389535348
21990232564483 1374389535286
21990232564483 1374389535504
21990232564483 1374389535347
21990232564483 1374389535642
21990232564483 2199023256279
21990232564483 1374389535549
21990232564483 1374389535500
21990232564483 2336462209685
21990232564483 2061584302687
21990232564483 2061584302924
21990232564483 2336462209896
21990232564483 1374389535342
21990232564483 1374389535351
21990232564483 1374389535477
21990232564483 2199023256189
21990232564483 2199023256191
21990232564483 1374389535278
21990232564635 2061584302534
24189255814847 2336462209515
24189255814847 2199023256060
24189255814847 2199023256029
24189255814847 2199023256024
26388279069626 1786706395811
26388279069626 1649267442360
26388279069626 2199023256283
26388279069626 1649267442314
26388279069626 1649267442433
26388279069626 1649267442506
26388279069626 1649267442343
26388279069626 1649267442338
26388279069626 2061584302964
26388279069626 2199023256157
26388279069626 1649267442549
26388279069626 2199023256317
26388279069626 1649267442369
26388279069626 2199023256299
26388279069626 1649267442284
26388279069626 2061584302987
26388279069626 2199023256325
28587302322576 2336462209043
28587302326226 2061584302920
28587302326226 2061584302728
28587302326226 2336462209826
28587302326226 2336462209890
28587302326226 2061584302630
28587302326226 2061584302760
28587302326226 2061584302830
28587302326226 2061584302893
28587302326226 2061584302976
28587302326226 2336462209829
28587302326226 2336462209885
28587302326226 2199023256305
28587302326226 2061584302766
28587302326226 2061584302684
28587302326226 2061584303011
28587302326226 2199023256307
28587302326226 2061584302959
28587302326226 2061584302984
30786325578027 2199023256155
30786325578027 2199023256416
30786325578027 2199023256195
30786325578027 2336462209583
30786325578027 2199023256304
30786325578027 2336462209691
30786325578027 2199023256267
30786325578027 2199023256470
30786325578027 2199023256196
30786325578027 2199023256300
30786325578027 2199023256139
30786325578027 2199023256322
30786325578027 2199023256330
30786325578027 2199023256308
30786325578027 2199023256340
30786325578027 2199023256320
30786325578161 2336462209034
30786325579131 2336462209550
30786325579131 2336462209447
30786325579131 2336462209527
30786325583469 2061584302094
30786325583469 2061584302088
30786325586209 2336462209503
30786325586209 2336462209437
30786325586209 2336462209514
30786325586209 2336462209539
32985348837125 2336462209510
32985348837125 2336462209546
32985348837125 2336462209464
32985348837398 2199023256096
32985348837398 2199023255974
32985348837398 2199023255981
32985348837398 2336462209547
32985348840035 2336462209472
32985348840035 2199023256015
32985348840311 2336462209523
32985348840311 2336462209434
32985348840311 2336462209491
32985348840311 2336462209467
32985348840311 2336462209475
32985348842600 2336462209579
32985348842600 2061584302923
32985348842600 2061584302822
32985348842600 2061584302985
32985348842600 2336462209580
32985348842600 2061584302975
32985348842600 2061584302851
32985348842600 2061584303017
32985348842600 2061584302803
32985348842600 2061584302676
32985348842600 2336462209754
32985348842600 2061584302915
32985348842600 2061584302775
32985348842600 2336462209598
32985348842600 2061584302694
32985348842600 2061584302784
32985348842600 2061584302786
32985348842600 2199023256333
32985348842600 2061584302761
32985348842600 2336462209884
32985348842600 2061584302734
32985348842600 2061584302980
32985348842600 2061584303024
32985348842600 2061584302904
32985348842600 2061584302919
32985348843830 2061584302515
32985348843830 2061584302499
32985348843830 2061584302596
35184372095846 2336462209025
35184372095846 2336462209028
37383395350130 2336462209623
37383395350130 2336462209849
37383395350130 2336462209880
37383395350130 2336462209820
37383395350130 2336462209594
37383395350130 2336462209675
37383395350130 2336462209714
37383395350130 2336462209578
37383395350130 2336462209621
37383395350130 2336462209581
37383395350130 2336462209622
37383395350130 2336462209845
37383395350130 2336462209782
37383395350130 2336462209603
37383395350130 2336462209862
37383395350130 2336462209822
37383395350130 2336462209861
37383395350130 2336462209752
37383395350130 2336462209889
37383395352011 2336462209953
37383395352011 2336462209841
37383395352011 2336462209708
37383395352011 2336462209756
37383395352011 2336462209680
37383395352011 2336462209702
37383395352011 2336462209894
37383395352011 2336462209816
37383395352011 2336462209944
37383395352011 2336462209948
37383395352011 2336462209912
37383395352011 2336462209895
37383395352011 2336462209662
37383395352011 2336462209965
37383395352011 2336462209824
37383395352011 2336462209575
37383395352011 2336462209876
37383395352011 2336462209615
37383395352011 2336462209647
37383395353039 2336462209814
37383395353039 2336462209738
37383395353039 2336462209819
37383395353039 2336462209900
37383395353039 2336462209639
37383395353039 2336462209624
37383395353039 2336462209604
37383395353039 2336462209736
37383395353039 2336462209718
37383395353039 2336462209877
37383395353039 2336462209748
37383395353039 2336462209769
37383395353039 2336462209707
37383395353039 2336462209700
37383395353039 2336462209768
37383395353039 2336462209926
37383395353039 2336462209857
37383395353039 2336462209905
37383395354459 2336462209762
37383395354459 2336462209608
37383395354459 2336462209595
37383395354459 2336462209893
37383395354459 2336462209599
37383395354459 2336462209589
37383395354459 2336462209850
37383395354459 2336462209881
37383395354459 2336462209916
37383395354459 2336462209835
37383395354459 2336462209643
37383395354459 2336462209658
37383395354459 2336462209872
37383395354459 2336462209761
37383395354459 2336462209584
37383395354459 2336462209806
37383395354459 2336462209619
37383395354459 2336462209571
37383395354459 2336462209784
37383395354459 2336462209778
37383395354459 2336462209815
