53 500
0 0
1 1
2 2
3 3
4 4
5 5
6 6
7 7
8 8
9 9
10 10
11 11
12 12
13 13
14 14
15 15
16 16
17 17
18 18
19 19
20 20
21 21
22 22
23 23
24 24
25 25
26 26
27 27
28 28
29 29
30 30
31 31
32 32
33 33
34 34
35 35
36 36
37 37
38 38
39 39
40 40
41 41
42 42
43 43
44 44
45 45
46 46
47 47
48 48
49 49
50 50
51 51
52 52
48 53
17 54
48 55
20 56
21 57
40 58
38 59
21 60
61 62
40 63
20 64
17 65
35 66
29 67
45 68
69 70
2 71
41 72
14 73
8 74
23 75
0 76
47 77
11 78
13 79
43 80
39 81
24 82
29 83
6 84
13 85
43 86
4 87
3 88
30 89
14 90
47 91
23 92
4 93
13 94
11 95
42 96
25 97
45 98
69 99
11 100
26 101
11 102
44 103
23 104
45 105
24 106
8 107
32 108
24 109
9 110
8 111
15 112
29 113
1 114
10 115
44 116
0 117
13 118
45 119
13 120
69 121
30 122
30 123
33 124
29 125
0 126
0 127
33 128
11 129
41 130
10 131
2 132
23 133
3 134
0 135
42 136
25 137
13 138
41 139
33 140
4 141
24 142
69 143
6 144
8 145
13 146
45 147
4 148
6 149
5 150
39 151
15 152
25 153
7 154
33 155
25 156
13 157
15 158
8 159
5 160
41 161
47 162
24 163
0 164
30 165
1 166
42 167
43 168
26 169
26 170
39 171
11 172
29 173
25 174
6 175
0 176
4 177
3 178
0 179
7 180
9 181
25 182
183 184
30 185
30 186
6 187
43 188
27 189
52 190
16 191
19 192
36 193
50 194
69 195
49 196
46 197
46 198
49 199
31 200
37 201
52 202
22 203
69 204
16 205
52 206
31 207
28 208
16 209
49 210
52 211
23 212
29 213
46 214
52 215
28 216
23 217
49 218
51 219
18 220
16 221
12 222
52 223
27 224
37 225
18 226
18 227
27 228
50 229
16 230
12 231
52 232
46 233
49 234
49 235
49 236
51 237
27 238
37 239
36 240
34 241
12 242
31 243
27 244
23 245
18 246
27 247
12 248
46 249
51 250
18 251
16 252
52 253
34 254
18 255
31 256
50 257
28 258
19 259
31 260
31 261
16 262
12 263
31 264
69 265
52 266
12 267
69 268
31 269
50 270
31 271
18 272
19 273
37 274
37 275
28 276
69 277
36 278
18 279
34 280
49 281
28 282
12 283
46 284
50 285
28 286
22 287
28 288
69 289
31 290
18 291
18 292
28 293
18 294
27 295
37 296
12 297
19 298
28 299
28 300
23 301
34 302
34 303
51 304
28 305
50 306
34 307
36 308
46 309
22 310
51 311
50 312
23 313
36 314
12 315
22 316
49 317
18 318
22 319
18 320
51 321
46 322
34 323
16 324
16 325
22 326
16 327
27 328
28 329
46 330
34 331
46 332
12 333
69 334
12 335
18 336
28 337
51 338
12 339
51 340
37 341
18 342
18 343
23 344
22 345
12 346
69 347
46 348
51 349
22 350
69 351
31 352
49 353
19 354
46 355
34 356
50 357
69 358
23 359
22 360
52 361
52 362
22 363
19 364
22 365
46 366
27 367
51 368
51 369
18 370
34 371
37 372
18 373
36 374
37 375
36 376
52 377
36 378
37 379
31 380
49 381
23 382
52 383
28 384
22 385
22 386
22 387
34 388
18 389
37 390
34 391
37 392
46 393
18 394
34 395
28 396
28 397
69 398
12 399
37 400
16 401
31 402
46 403
52 404
31 405
22 406
69 407
18 408
37 409
22 410
51 411
52 412
50 413
27 414
22 415
51 416
49 417
69 418
49 419
50 420
12 421
36 422
19 423
69 424
36 425
23 426
19 427
19 428
12 429
22 430
52 431
27 432
36 433
28 434
18 435
50 436
69 437
12 438
12 439
49 440
19 441
23 442
46 443
49 444
52 445
69 446
23 447
31 448
22 449
16 450
51 451
22 452
46 453
22 454
49 455
49 456
46 457
36 458
18 459
34 460
46 461
31 462
18 463
12 464
52 465
28 466
69 467
19 468
50 469
51 470
18 471
16 472
49 473
52 474
19 475
19 476
46 477
36 478
28 479
37 480
49 481
36 482
16 483
27 484
52 485
50 486
50 487
31 488
28 489
16 490
27 491
51 492
23 493
36 494
28 495
51 496
18 497
12 498
34 499
34 500
18 501
23 502
50 503
12 504
22 505
69 506
52 507
69 508
46 509
36 510
16 511
18 512
23 513
46 514
19 515
51 516
19 517
36 518
46 519
27 520
34 521
18 522
22 523
28 524
23 525
16 526
19 527
19 528
18 529
16 530
37 531
12 532
50 533
28 534
31 535
16 536
50 537
69 538
23 539
28 540
50 541
23 542
36 543
23 544
23 545
69 546
16 547
28 548
46 549
18 550
23 551
18 552
50 553
22 554
46 555
