53 500
1020 1020
2368 2368
4621 4621
7602 7602
9733 9733
2199023260890 2199023260890
2199023261502 2199023261502
2199023264859 2199023264859
2199023265765 2199023265765
2199023265970 2199023265970
4398046511463 4398046511463
4398046513442 4398046513442
4398046519431 4398046519431
4398046521378 4398046521378
6597069774750 6597069774750
8796093022536 8796093022536
8796093026972 8796093026972
8796093028037 8796093028037
8796093028333 8796093028333
8796093029201 8796093029201
8796093030850 8796093030850
10995116286528 10995116286528
13194139539233 13194139539233
13194139539598 13194139539598
17592186046716 17592186046716
17592186049759 17592186049759
17592186051490 17592186051490
19791209301598 19791209301598
19791209305198 19791209305198
21990232559659 21990232559659
21990232561154 21990232561154
21990232564483 21990232564483
21990232564635 21990232564635
24189255814847 24189255814847
26388279069626 26388279069626
28587302322576 28587302322576
28587302326226 28587302326226
30786325578027 30786325578027
30786325578161 30786325578161
30786325579131 30786325579131
30786325583469 30786325583469
30786325586209 30786325586209
32985348837125 32985348837125
32985348837398 32985348837398
32985348840035 32985348840035
32985348840311 32985348840311
32985348842600 32985348842600
32985348843830 32985348843830
35184372095846 35184372095846
37383395350130 37383395350130
37383395352011 37383395352011
37383395353039 37383395353039
37383395354459 37383395354459
35184372095846 2336462209025
8796093028037 1374389534722
35184372095846 2336462209028
8796093030850 549755813893
10995116286528 1924145348615
30786325583469 2061584302088
30786325578161 2336462209034
10995116286528 2199023255563
32985348837827 2336462209037
30786325583469 2061584302094
8796093030850 1786706395152
8796093028037 1786706395153
28587302322576 2336462209043
21990232559659 2061584302100
32985348840311 2336462209434
28587302329167 2336462209435
4621 687194767772
30786325586209 2336462209437
6597069774750 2199023255966
2199023265765 687194767775
13194139539598 2199023255968
1020 1924145349026
32985348843830 2061584302499
4398046513442 2061584302500
4398046521378 2199023255973
32985348837398 2199023255974
30786325579131 2336462209447
17592186046716 1236950581672
21990232559659 2061584302506
2199023261502 2061584302507
4398046521378 2199023255980
32985348837398 2199023255981
9733 2061584302510
7602 2336462209455
21990232561154 2061584302512
6597069774750 2199023255986
32985348843830 2061584302515
13194139539598 2199023255988
9733 2199023255989
4398046521378 2199023255990
4398046513442 2199023255991
32985348837125 2336462209464
17592186049759 1924145349050
32985348840311 2336462209467
28587302329167 2061584302524
4398046513442 2061584302525
17592186051490 1924145349054
4398046513442 2336462209471
32985348840035 2336462209472
13194139539598 2199023256002
32985348840311 2336462209475
17592186046716 1236950581700
2199023265765 687194767813
21990232564635 2061584302534
17592186046716 2061584302535
2199023265970 1924145349064
2199023265765 687194767818
8796093022536 2336462209483
21990232559659 2061584302540
2368 687194767821
4398046511463 1649267442126
32985348840035 2199023256015
1020 2336462209488
4398046521378 2199023256018
32985348840311 2336462209491
4398046521378 2199023256020
28587302329167 2061584302549
21990232561154 2061584302550
21990232561154 2061584302551
24189255814847 2199023256024
21990232559659 2061584302554
1020 1924145349083
1020 1924145349084
24189255814847 2199023256029
4398046513442 2061584302558
30786325586209 2336462209503
4398046511463 2336462209504
4621 1374389535202
13194139539598 2199023256035
7602 2336462209508
1020 1924145349093
32985348837125 2336462209510
17592186049759 2336462209511
4398046521378 2336462209512
30786325586209 2336462209514
24189255814847 2336462209515
9733 2336462209516
17592186046716 1236950581741
28587302329167 2061584302574
2199023261502 2336462209519
2199023265765 1236950581744
4398046521378 2199023256050
32985348840311 2336462209523
9733 1649267442164
2199023261502 962072674805
2199023260890 1511828488694
30786325579131 2336462209527
8796093022536 2336462209528
17592186049759 1924145349114
2199023264859 687194767867
24189255814847 2199023256060
17592186049759 1924145349117
4398046521378 2199023256062
8796093022536 2336462209535
2199023265765 1924145349120
2199023260890 1511828488706
30786325586209 2336462209539
32985348843830 2061584302596
17592186046716 1236950581765
1020 2061584302598
21990232561154 2061584302599
2368 687194767880
32985348837125 2336462209546
32985348837398 2336462209547
17592186051490 1924145349132
17592186051490 1924145349133
30786325579131 2336462209550
4398046513442 2336462209551
21990232559659 2336462209552
17592186049759 1924145349138
2199023261502 962072674835
1020 1924145349140
9733 1649267442197
7602 2336462209558
1020 2336462209559
2199023264859 2336462209560
2199023265970 1924145349146
17592186049759 1924145349147
28587302324317 2061584302620
21990232561154 2061584302621
21990232561154 2061584302622
2199023261502 1924145349151
32985348837398 2199023256096
19791209301598 2199023256098
37383395354459 2336462209571
8796093026972 1924145349156
8796093029201 962072674853
28587302326226 2061584302630
37383395352011 2336462209575
28587302329167 2199023256104
37383395350130 2336462209578
32985348842600 2336462209579
32985348842600 2336462209580
37383395350130 2336462209581
21990232564483 1374389535278
30786325578027 2336462209583
37383395354459 2336462209584
13194139539233 1649267442226
28587302329167 2199023256115
8796093026972 1924145349172
37383395354459 2336462209589
21990232564483 1374389535286
19791209305198 2199023256119
8796093026972 1924145349176
37383395350130 2336462209594
37383395354459 2336462209595
13194139539598 1786706395708
21990232559659 2336462209597
32985348842600 2336462209598
37383395354459 2336462209599
19791209305198 2336462209600
13194139539598 2061584302658
37383395350130 2336462209603
37383395353039 2336462209604
8796093028333 2061584302661
8796093026972 2061584302662
4398046519431 2061584302663
37383395354459 2336462209608
19791209301598 2199023256138
30786325578027 2199023256139
8796093028333 1374389535308
8796093028333 1374389535309
19791209301598 2199023256142
37383395352011 2336462209615
8796093026972 2336462209616
4398046519431 1649267442258
37383395354459 2336462209619
32985348842600 2061584302676
37383395350130 2336462209621
37383395350130 2336462209622
37383395350130 2336462209623
37383395353039 2336462209624
19791209301598 2199023256154
30786325578027 2199023256155
28587302326226 2061584302684
26388279069626 2199023256157
4398046519431 2061584302686
21990232564483 2061584302687
19791209301598 2199023256160
13194139539598 1786706395746
8796093028333 1511828488803
19791209301598 2199023256164
4398046519431 1649267442277
32985348842600 2061584302694
37383395353039 2336462209639
8796093028333 1511828488808
8796093026972 1924145349226
37383395354459 2336462209643
26388279069626 1649267442284
8796093028333 1374389535341
21990232564483 1374389535342
37383395352011 2336462209647
19791209305198 2199023256176
8796093029201 962072674930
21990232564483 1374389535347
21990232564483 1374389535348
8796093026972 1924145349237
4398046519431 1649267442294
21990232564483 1374389535351
28587302329167 2199023256184
37383395354459 2336462209658
4398046519431 1649267442299
28587302329167 2199023256188
21990232564483 2199023256189
37383395352011 2336462209662
21990232564483 2199023256191
8796093028333 2199023256192
8796093029201 962072674946
30786325578027 2199023256195
30786325578027 2199023256196
19791209305198 2199023256197
28587302329167 2199023256198
28587302326226 2061584302728
8796093028333 1374389535369
26388279069626 1649267442314
37383395350130 2336462209675
19791209305198 2199023256204
4398046519431 1649267442317
32985348842600 2061584302734
37383395352011 2336462209680
19791209305198 2336462209681
13194139539233 2336462209682
19791209305198 2336462209683
28587302329167 2336462209684
21990232564483 2336462209685
8796093028333 2336462209686
8796093028333 2336462209687
19791209305198 2336462209688
8796093028333 2336462209689
19791209301598 2336462209690
30786325578027 2336462209691
4398046519431 2336462209692
8796093029201 2336462209693
19791209305198 2199023256222
19791209305198 2199023256224
13194139539598 1786706395809
26388279069626 1649267442338
26388279069626 1786706395811
37383395353039 2336462209700
19791209305198 2199023256229
37383395352011 2336462209702
26388279069626 1649267442343
28587302326226 2061584302760
32985348842600 2061584302761
13194139539233 1786706395818
37383395353039 2336462209707
37383395352011 2336462209708
13194139539598 1786706395821
28587302326226 2061584302766
4398046519431 1649267442352
13194139539233 1649267442353
37383395350130 2336462209714
8796093028333 1649267442355
13194139539233 1649267442356
8796093028333 1649267442357
37383395353039 2336462209718
32985348842600 2061584302775
26388279069626 1649267442360
8796093026972 1924145349305
8796093026972 1924145349306
13194139539233 1649267442363
8796093026972 1924145349308
19791209301598 2199023256253
19791209305198 2199023256254
32985348842600 2061584302784
26388279069626 1649267442369
32985348842600 2061584302786
4398046519431 1649267442371
28587302329167 2199023256260
4398046519431 1649267442373
8796093028333 1374389535430
19791209305198 2199023256263
37383395353039 2336462209736
4398046519431 1649267442377
37383395353039 2336462209738
30786325578027 2199023256267
8796093028333 1649267442380
8796093028333 1649267442381
13194139539598 1786706395854
13194139539233 1649267442384
4398046519431 1649267442385
28587302329167 2199023256274
32985348842600 2061584302803
37383395353039 2336462209748
13194139539233 1649267442389
28587302329167 2336462209750
21990232564483 2199023256279
37383395350130 2336462209752
8796093029201 962072675033
32985348842600 2336462209754
26388279069626 2199023256283
37383395352011 2336462209756
28587302329167 2199023256285
13194139539598 1786706395870
13194139539233 1649267442400
37383395354459 2336462209761
37383395354459 2336462209762
13194139539233 1649267442403
8796093029201 962072675044
13194139539233 1649267442405
32985348842600 2061584302822
19791209301598 2199023256295
37383395353039 2336462209768
37383395353039 2336462209769
8796093028333 1649267442410
26388279069626 2199023256299
30786325578027 2199023256300
8796093028333 1649267442413
28587302326226 2061584302830
30786325578027 2199023256304
28587302326226 2199023256305
37383395354459 2336462209778
28587302326226 2199023256307
30786325578027 2199023256308
21990232564483 1374389535477
37383395350130 2336462209782
13194139539598 2199023256311
37383395354459 2336462209784
19791209305198 2336462209785
13194139539233 1649267442426
13194139539233 2199023256315
13194139539233 2199023256316
26388279069626 2199023256317
8796093028333 2199023256318
30786325578027 2199023256320
26388279069626 1649267442433
30786325578027 2199023256322
32985348842600 2061584302851
8796093028333 1374389535492
26388279069626 2199023256325
19791209305198 2199023256326
19791209305198 2199023256327
28587302329167 2199023256328
4398046519431 2199023256329
30786325578027 2199023256330
8796093026972 2199023256331
21990232564483 1374389535500
32985348842600 2199023256333
37383395354459 2336462209806
21990232564483 1374389535504
13194139539233 1649267442449
28587302329167 2199023256338
8796093028333 1374389535507
30786325578027 2199023256340
13194139539233 1649267442453
37383395353039 2336462209814
37383395354459 2336462209815
37383395352011 2336462209816
19791209301598 2199023256345
13194139539233 2336462209818
37383395353039 2336462209819
37383395350130 2336462209820
28587302329167 2199023256349
37383395350130 2336462209822
37383395352011 2336462209824
4398046519431 1649267442465
28587302326226 2336462209826
8796093029201 962072675107
28587302329167 2199023256356
28587302326226 2336462209829
13194139539598 1786706395942
8796093029201 2336462209831
8796093029201 2336462209832
4398046519431 2336462209833
13194139539233 1649267442474
37383395354459 2336462209835
19791209301598 2336462209836
28587302326226 2061584302893
19791209305198 2336462209838
8796093028333 1374389535536
37383395352011 2336462209841
28587302329167 2199023256370
4398046519431 1649267442483
4398046519431 1649267442484
37383395350130 2336462209845
8796093029201 1374389535542
13194139539598 1786706395959
32985348842600 2061584302904
37383395350130 2336462209849
37383395354459 2336462209850
28587302329167 2199023256379
13194139539598 1786706395964
21990232564483 1374389535549
13194139539233 1649267442494
8796093026972 1924145349440
37383395353039 2336462209857
13194139539233 1924145349442
32985348842600 2061584302915
13194139539233 2061584302916
37383395350130 2336462209861
37383395350130 2336462209862
32985348842600 2061584302919
28587302326226 2061584302920
8796093028333 2061584302921
26388279069626 1649267442506
32985348842600 2061584302923
21990232564483 2061584302924
8796093028333 1374389535565
4398046519431 1924145349454
37383395354459 2336462209872
19791209305198 2336462209873
28587302329167 2336462209874
8796093029201 2336462209875
37383395352011 2336462209876
37383395353039 2336462209877
8796093028333 1374389535574
8796093026972 2336462209879
37383395350130 2336462209880
37383395354459 2336462209881
8796093029201 2336462209882
8796093029201 2336462209883
32985348842600 2336462209884
28587302326226 2336462209885
19791209305198 2199023256415
30786325578027 2199023256416
37383395350130 2336462209889
28587302326226 2336462209890
8796093026972 2336462209891
19791209301598 2199023256420
37383395354459 2336462209893
37383395352011 2336462209894
37383395352011 2336462209895
21990232564483 2336462209896
19791209305198 2336462209897
8796093026972 2336462209898
19791209301598 2336462209899
37383395353039 2336462209900
13194139539598 2336462209901
28587302326226 2061584302959
19791209305198 2199023256432
37383395353039 2336462209905
8796093028333 2061584302962
4398046519431 2061584302963
26388279069626 2061584302964
26388279069626 1649267442549
8796093028333 1374389535606
13194139539598 1786706396023
37383395352011 2336462209912
4398046519431 2061584302969
13194139539233 1649267442554
28587302329167 2199023256443
37383395354459 2336462209916
28587302329167 2199023256445
32985348842600 2061584302975
28587302326226 2061584302976
8796093026972 1924145349505
8796093028333 1374389535618
13194139539598 1786706396035
32985348842600 2061584302980
8796093029201 962072675205
37383395353039 2336462209926
8796093029201 2061584302983
28587302326226 2061584302984
32985348842600 2061584302985
19791209301598 2199023256458
26388279069626 2061584302987
8796093028333 2061584302988
13194139539233 2061584302989
19791209305198 2199023256463
13194139539598 1786706396048
8796093026972 1924145349521
8796093029201 962072675218
8796093029201 962072675219
8796093028333 1374389535636
8796093026972 1924145349525
30786325578027 2199023256470
4398046519431 1649267442583
37383395352011 2336462209944
19791209305198 2199023256473
21990232564483 1374389535642
8796093026972 1924145349531
37383395352011 2336462209948
28587302329167 2199023256477
13194139539598 1786706396063
19791209305198 2199023256480
37383395352011 2336462209953
13194139539598 2199023256482
28587302326226 2061584303011
13194139539598 2199023256484
13194139539598 2199023256485
28587302329167 2199023256486
8796093026972 2199023256487
19791209305198 2199023256488
32985348842600 2061584303017
8796093028333 2199023256490
13194139539598 2199023256491
8796093028333 2061584303020
37383395352011 2336462209965
13194139539233 1649267442607
32985348842600 2061584303024