0 182
1 146
2 227
3 35
4 34
5 224
6 145
7 58
8 50
9 213
10 46
11 141
12 170
13 189
14 195
15 230
16 10
17 60
18 135
19 66
20 55
21 84
22 5
23 16
24 158
25 187
26 97
27 208
28 142
29 138
30 207
31 93
32 125
33 186
34 188
35 15
36 244
37 147
38 44
39 242
40 124
41 57
42 237
43 29
44 143
45 106
46 174
47 67
48 226
49 184
50 133
51 194
52 6
53 229
54 31
55 42
56 144
57 108
58 164
59 63
60 240
61 83
62 48
63 183
64 234
65 167
66 94
67 14
68 181
69 73
70 18
71 215
72 197
73 177
74 171
75 173
76 248
77 100
78 219
79 41
80 217
81 202
82 130
83 136
84 228
85 96
86 161
87 61
88 225
89 180
90 185
91 20
92 126
93 95
94 45
95 71
96 121
97 232
98 69
99 210
100 110
101 36
102 111
103 74
104 203
105 38
106 2
107 78
108 211
109 192
110 65
111 51
112 253
113 245
114 216
115 122
116 238
117 92
118 23
119 199
120 139
121 204
122 159
123 123
124 175
125 239
126 99
127 132
128 190
129 163
130 1
131 21
132 252
133 221
134 32
135 3
136 250
137 246
138 206
139 8
140 134
141 120
142 91
143 33
144 249
145 40
146 80
147 101
148 236
149 82
150 115
151 235
152 127
153 201
154 112
155 131
156 47
157 86
158 9
159 155
160 128
161 54
162 11
163 28
164 160
165 222
166 37
167 153
168 22
169 156
170 157
171 162
172 165
173 103
174 72
175 64
176 90
177 70
178 209
179 251
180 81
181 85
182 166
183 148
184 212
185 87
186 154
187 107
188 200
189 52
190 196
191 119
192 137
193 140
194 118
195 19
196 151
197 114
198 24
199 178
200 191
201 30
202 105
203 231
204 247
205 198
206 220
207 113
208 75
209 53
210 168
211 17
212 43
213 109
214 39
215 25
216 152
217 98
218 62
219 150
220 223
221 241
222 89
223 149
224 193
225 176
226 102
227 88
228 12
229 169
230 243
231 79
232 214
233 117
234 205
235 76
236 56
237 59
238 7
239 116
240 254
241 26
242 233
243 179
244 218
245 129
246 13
247 104
248 4
249 68
250 77
251 49
252 27
253 172
