613 0
2336463293625 0
2199024340146 0
2061585386274 0
2199024352723 1
2199024352708 1
2336463293224 2
687195850948 2
1374390618665 2
1786707478745 2
1511829571822 2
2336463293610 2
2336463293614 2
1374390618647 2
1649268530998 3
1924146437540 3
1786707484084 3
1511829577508 3
2336463276489 3
2336463447612 4
2061585475480 5
2336463437719 6
2061585485544 6
2336463393060 6
1924146583498 7
1924146583147 7
2336463450990 8
2336463447920 9
2336463308134 10
2199024354811 10
1786707538743 10
2336463437924 11
1649268607433 11
2336463373812 11
2061585530908 12
2336463448143 13
1786707462534 14
2336463449685 15
1924146521900 16
2061585400708 17
2199024352478 17
2199024352462 17
1786707582442 18
2336463395122 18
2336463352634 18
1786707581853 18
1511829675488 18
2199024442050 18
2061585531074 19
2199024442721 20
1924146535774 20
2336463449736 20
2336463437788 20
2336463395146 20
1924146541574 21
2336463443893 22
1924146492241 22
2336463434347 23
1924146573702 23
2336463434281 24
687195834813 25
2199024396402 25
2336463349791 25
2336463450923 25
2199024429108 26
2336463349841 27
2336463437802 28
2199024494666 29
1924146541692 30
2199024480891 31
2199024488749 32
1511829632352 33
2061585445677 33
1374390678873 33
1786707581860 34
2336463395112 34
2336463396114 34
2336463396101 34
2336463294015 35
2061585386287 35
2199024339047 35
2199024339017 35
2199024340547 35
2061585385560 35
1924146541329 36
1924146541724 36
2336463393052 37
1924146532017 37
2336463392207 37
2061585536911 38
2199024352326 39
2061585399483 39
1924146446027 39
2199024352338 39
2199024496241 40
1924146521825 41
2336463443693 42
2199024339076 43
1924146432755 43
2336463292541 43
1649268526326 43
2336463292534 43
1786707479800 43
2336463451023 44
2199024496275 45
2336463447573 46
2199024447907 47
1924146541553 47
2199024396473 48
1374390675660 48
2336463450879 49
2199024490226 50
2336463437760 51
2336463448072 52
2061585540635 52
1511829572658 53
1786707479601 53
2199024339116 53
1924146432772 53
1511829571764 53
1924146432188 53
2199024413472 54
2199024413479 54
2336463392470 55
2336463434021 56
1924146506542 57
1924146506553 57
2336463443768 58
2061585401349 59
2199024494317 60
2336463451017 61
2336463450921 61
2336463450872 62
1924146446005 63
1236951677780 63
2199024352566 63
1924146447046 63
2199024352577 63
1786707492536 63
2199024448019 64
2336463443715 65
2199024442499 66
1924146535548 66
2199024352619 66
2061585400440 66
2199024352608 66
2336463307398 66
1374390678887 66
1649268585838 66
2199024340691 67
2199024340707 67
2336463293263 67
2336463447944 68
2061585489336 68
2336463396279 68
2061585540839 69
2199024494582 69
2336463437664 70
2199024493992 71
2336463403385 72
2336463442229 72
2336463403367 72
962073741777 72
2199024486899 73
2336463423401 74
2336463448119 75
2061585530943 76
2199024484419 77
1924146489514 78
2336463308148 79
2199024420943 80
2336463382255 80
2199024420343 80
1924146514374 80
2336463401423 81
2061585527221 82
2199024494039 83
2199024447968 84
2199024448366 85
1924146541751 85
2199024448002 86
1924146541450 86
1924146522114 87
2336463308324 88
2336463379636 89
1924146519214 89
2199024352445 90
2199024352428 90
2199024353164 90
2061585398562 90
2061585399678 90
2336463447705 91
2199024340019 92
2336463293197 92
2199024340028 92
2199024344356 93
2336463298434 93
2336463382379 93
2199024344357 93
2336463298424 93
1924146447223 94
1649268540073 94
2336463396210 94
2336463395529 94
2336463396196 94
2199024353940 94
2199024352738 94
2199024352748 94
2336463423453 95
2336463450874 96
2336463450959 96
2199024490107 97
2336463434199 98
2336463437653 99
2199024480845 100
2199024352184 101
1786707491534 101
2199024352198 101
1924146447099 101
1649268539513 101
1236951679087 101
2336463437625 102
2199024469891 103
2061585536787 104
1924146445979 105
1924146447038 105
2199024352549 105
2199024352548 105
2199024352078 105
2336463307674 105
2199024352936 105
2336463349813 106
2336463443724 107
2336463450903 108
2336463401658 109
1924146541654 109
2336463437698 110
1786707623852 111
2199024354736 112
1924146519226 113
1649268612301 113
1649268612392 113
2336463439105 113
1786707565863 113
2199024489200 113
2336463447492 114
2336463434077 115
2061585530888 116
2199024339094 117
1511829573150 117
1924146433547 117
1924146432625 117
1924146432139 117
2199024339105 117
1374390620839 117
2199024480905 118
2336463447984 119
2336463382370 120
2199024352150 121
1236951677630 121
1924146446932 121
1924146446929 121
1924146447222 121
2199024352167 121
1786707587652 122
1924146541556 122
1786707494398 123
2061585540501 124
2336463382332 124
2336463308193 125
2061585401406 126
2199024322966 126
2199024448046 127
1924146541533 127
1924146541504 128
1924146541083 128
2199024353651 129
2199024353660 129
2336463447489 130
2336463447544 131
2199024480680 132
2336463442272 133
2336463293523 133
2061585385500 133
1924146432040 133
1924146432016 133
2336463293025 133
2336463293541 133
2336463423432 134
2336463401761 135
2061585494384 135
1924146583512 136
2199024490200 136
2336463423457 137
2336463434332 138
2199024352280 139
1649268539290 139
2199024351960 139
1924146447049 139
2199024352288 139
1924146446241 139
2336463434288 140
2199024480910 140
2199024352672 140
2336463306461 140
2199024352660 140
2199024353010 140
2199024480734 141
2336463450936 142
2199024494531 143
2336463443597 144
2199024480908 145
2336463447646 146
2199024447979 147
2199024323031 148
2061585540565 149
2199024480482 150
2199024484205 151
2336463447604 152
2199024353076 153
2199024352844 153
1924146447297 153
2199024352824 153
1924146541488 153
2336463306568 153
2336463437869 154
2336463437636 154
1924146541629 155
2061585488188 156
2061585489141 156
1786707581836 156
2061585489131 156
2336463452263 157
2199024480708 158
2061585531003 159
1924146541671 160
2336463305398 161
1924146447136 161
2061585400198 161
2061585400201 161
2199024352148 161
2336463307691 161
2199024352146 161
1924146541621 162
2199024447868 162
1374390618600 163
1374390618696 163
1374390618612 163
2199024340088 163
1924146432494 163
2061585386116 163
2061585386615 163
1374390618683 163
2336463434224 164
2199024448228 165
2336463450912 166
2336463402186 167
2336463434187 168
2199024448316 169
1924146541597 170
1649268634316 171
1924146541695 171
2336463451011 172
2199024323018 173
2336463442202 174
2199024480774 175
2336463443656 176
2336463306780 177
2199024353314 177
2061585399644 178
2336463305474 178
2336463306594 178
2061585494835 179
1924146541732 179
2199024420321 180
2336463374786 180
2199024420940 180
2199024486946 181
2199024352350 182
2336463305491 182
1786707492877 182
1924146447083 182
2199024352364 182
2061585399806 182
2336463395477 183
1924146535890 183
1924146535878 183
2199024352684 183
1649268538217 183
2199024352696 183
2061585516412 184
2061585516522 184
2199024448135 185
1924146541607 185
1924146445037 186
2199024352309 186
1649268539625 186
1511829586141 186
1924146447108 186
2199024352296 186
2336463447643 187
2199024480887 188
2199024469950 189
1786707479912 190
2061585386069 190
1786707479905 190
1786707479887 191
2061585385973 191
1786707479896 191
2336463292918 191
2336463292919 191
2061585536806 192
2336463401790 193
2336463307166 194
2336463307169 194
2336463306373 195
2199024352536 195
2061585398594 195
2336463306384 195
2199024352542 195
1649268526157 196
2336463292855 196
2199024339380 196
2199024339658 196
1649268526151 196
2061585385907 196
1924146432735 197
2061585386566 197
2199024340037 197
2199024428972 198
2336463401828 199
2336463438054 200
2336463396031 201
2336463395076 201
2336463396017 201
1924146535123 201
1924146541747 202
2061585494878 202
2199024469978 203
2336463307050 204
2199024353560 204
2199024352378 205
2336463306915 205
2199024352382 205
2336463306928 205
2199024351959 206
2199024352229 206
2199024352212 206
1924146447164 206
1786707493317 206
2199024353746 206
2336463382599 207
2336463439186 208
2336463447888 209
2199024429148 210
1786707568674 211
1786707629219 211
2336463401732 212
2061585536659 213
2199024344358 214
2199024344370 214
2336463298444 214
2336463298455 214
2336463449702 215
2336463449681 216
2199024496276 217
2336463403427 218
2336463393058 218
2336463392451 218
2336463403448 218
2336463396257 219
2061585489324 219
2336463439135 220
2199024494348 221
2199024480634 222
2199024480855 222
2199024494410 223
2336463443584 224
2336463440397 225
2336463439097 226
2336463443564 227
2199024494309 228
2199024480925 229
2336463298380 230
2336463298400 230
2336463276502 230
2199024344456 230
2061585390998 230
2336463276467 231
2336463306835 232
2199024352324 232
2336463306849 232
2199024352322 232
2336463437881 233
2199024480893 234
2336463382638 235
2336463401720 236
1924146541719 236
2336463276440 237
2336463447539 238
2199024442711 239
2336463395523 239
2336463396182 239
2336463395096 239
2199024480914 239
2336463395877 239
2336463434097 239
2336463433934 240
2061585494593 241
1924146541534 241
2336463447958 242
2336463443617 243
2199024447878 244
2199024354859 245
2336463306885 246
2336463306900 246
2199024447938 247
2199024339669 248
2336463292836 248
2199024339334 248
2336463292821 248
2199024340202 248
2061585386732 248
2336463349784 249
2199024439038 249
2336463433915 250
2199024448095 251
2336463402185 251
2336463447432 252
2336463396178 253
2336463396174 253
2336463395116 253
2199024442506 254
2336463395998 254
2336463395502 254
2336463401549 255
2336463437916 256
2336463382681 256
2336463423382 257
2336463434241 258
2199024339646 259
2336463403403 259
2336463403407 259
2199024340416 259
2336463293875 259
2336463307083 260
2336463307103 260
2336463440373 261
2336463434132 262
2336463293578 263
2336463292711 263
2336463292675 263
2336463293105 263
2336463292693 263
2336463293562 263
2336463367050 264
2336463450975 264
2336463367071 264
2336463367016 265
2336463367033 265
2336463396127 266
2336463396135 266
2336463439096 266
2199024497507 267
2336463437775 268
2336463382506 269
2336463349782 270
2336463307722 271
2336463305523 271
2199024353556 271
2199024354248 271
2336463307025 271
2336463293649 272
2336463292468 272
2336463292472 272
2199024339632 272
2336463292470 272
2336463293632 272
2336463293588 273
2336463293058 273
2336463292885 273
2336463292895 273
2336463292894 273
2336463293609 273
2336463452259 274
2336463447565 275
2336463449723 276
2336463443659 277
2336463403411 278
2336463403419 278
2336463306505 279
2336463306502 279
2336463308173 280
2336463437940 281
2336463307718 282
2336463307719 282
2336463305483 282
2336463433969 283
2336463392532 284
2336463448113 285
2336463306528 286
2336463306508 286
2336463423420 287
2336463447773 288
2336463401631 289
2336463443898 290
2336463443623 291
2336463439130 292
2336463423734 292
2336463447915 293
2336463401405 293
2336463307372 294
2336463307361 294
2336463382546 295
